 1:   0.2011  0.2892  0.1556  0.3542  1
 2:   0.3033  0.2891  0.3014  0.1062  1
 3:   0.3253  0.1742  0.3358  0.1647  1
 4:   0.2169  0.2602  0.2092  0.3137  1
 5:   0.2583  0.2554  0.1044  0.3819  1
 6:   0.2463  0.0688  0.4741  0.2107  1
 7:   0.2121  0.1019  0.5217  0.1643  1
 8:   0.2722  0.3374  0.0691  0.3213  1
 9:   0.1544  0.2196  0.3410  0.2849  1
10:   0.4314  0.1625  0.2758  0.1302  1
11:   0.1534  0.3076  0.2234  0.3156  1
12:   0.1837  0.1865  0.3550  0.2748  1
13:   0.3654  0.1041  0.2470  0.2836  1
14:   0.1299  0.3139  0.3897  0.1665  1
15:   0.2278  0.1410  0.3581  0.2731  1
16:   0.1761  0.3036  0.3304  0.1899  1
17:   0.1060  0.7359  0.0522  0.1059  1
18:   0.0713  0.2774  0.3073  0.3440  1
19:   0.1477  0.1388  0.6570  0.0565  1
20:   0.2477  0.3279  0.2956  0.1288  1
21:   0.1319  0.3910  0.2929  0.1842  1
22:   0.1172  0.1576  0.2573  0.4679  1
23:   0.2664  0.3774  0.1543  0.2019  1
24:   0.1792  0.1394  0.5362  0.1452  1
25:   0.1407  0.4795  0.1965  0.1833  1
26:   0.1019  0.0905  0.3700  0.4376  1
27:   0.3434  0.0768  0.3189  0.2608  1
28:   0.4015  0.1946  0.1098  0.2941  1
29:   0.2740  0.1764  0.1279  0.4218  1
30:   0.3146  0.2326  0.1445  0.3082  1
31:   0.2916  0.1874  0.2132  0.3079  1
32:   0.3185  0.1579  0.2874  0.2362  1
33:   0.5291  0.1887  0.0662  0.2160  1
34:   0.1872  0.1483  0.5743  0.0902  1
35:   0.1042  0.6203  0.1630  0.1125  1
36:   0.1994  0.2227  0.4726  0.1053  1
37:   0.3493  0.2636  0.2459  0.1412  1
38:   0.3812  0.2697  0.1017  0.2475  1
39:   0.5423  0.1574  0.1234  0.1770  1
40:   0.0951  0.2645  0.3918  0.2486  1
41:   0.1770  0.1469  0.2882  0.3879  1
42:   0.3461  0.3943  0.1803  0.0793  1
43:   0.0827  0.6956  0.1660  0.0557  1
44:   0.0908  0.2767  0.2452  0.3873  1
45:   0.0990  0.3457  0.2889  0.2664  1
46:   0.2031  0.1935  0.1913  0.4122  1
47:   0.0613  0.1306  0.5523  0.2558  1
48:   0.1106  0.2060  0.4016  0.2817  1
49:   0.1908  0.1887  0.3579  0.2626  1
50:   0.1875  0.3526  0.2847  0.1752  1
51:   0.2180  0.4129  0.0992  0.2699  1
52:   0.1272  0.3239  0.4350  0.1139  1
53:   0.3183  0.2457  0.3674  0.0687  1
54:   0.1821  0.0747  0.1031  0.6402  1
55:   0.2633  0.4329  0.1104  0.1934  1
56:   0.4291  0.1256  0.2709  0.1745  1
57:   0.4146  0.0703  0.2935  0.2216  1
58:   0.2112  0.2489  0.3498  0.1902  1
59:   0.2291  0.4550  0.1290  0.1869  1
60:   0.1927  0.1564  0.3020  0.3489  1
61:   0.1343  0.0606  0.0243  0.7808  1
62:   0.1273  0.1918  0.1963  0.4846  1
63:   0.2821  0.2381  0.2762  0.2035  1
64:   0.3123  0.2443  0.1392  0.3042  1
65:   0.2763  0.3630  0.1524  0.2083  1
66:   0.3803  0.3004  0.1784  0.1410  1
67:   0.4899  0.1745  0.1892  0.1465  1
68:   0.2369  0.2270  0.2648  0.2713  1
69:   0.1327  0.3655  0.2172  0.2846  1
70:   0.1776  0.5428  0.1283  0.1513  1
71:   0.2511  0.1267  0.3616  0.2606  1
72:   0.0773  0.4324  0.4009  0.0894  1
73:   0.3451  0.2072  0.1816  0.2661  1
74:   0.1235  0.1469  0.2769  0.4527  1
75:   0.2858  0.1385  0.1413  0.4344  1
76:   0.1858  0.4674  0.2630  0.0839  1
77:   0.2730  0.1068  0.3613  0.2589  1
78:   0.0853  0.4300  0.1711  0.3136  1
79:   0.3074  0.2452  0.2779  0.1695  1
80:   0.2054  0.3654  0.2777  0.1515  1
81:   0.2042  0.0508  0.5304  0.2146  1
82:   0.3651  0.1954  0.2353  0.2041  1
83:   0.3886  0.3179  0.0817  0.2118  1
