 1:   0.0219  0.0178  0.9341  0.0262  1
 2:   0.9456  0.0381  0.0060  0.0103  1
 3:   0.9750  0.0090  0.0074  0.0086  1
 4:   0.0037  0.0030  0.9871  0.0062  1
 5:   0.8880  0.0035  0.1048  0.0037  1
 6:   0.0055  0.0048  0.9845  0.0052  1
 7:   0.9690  0.0028  0.0052  0.0230  1
 8:   0.0010  0.9960  0.0010  0.0020  1
 9:   0.8464  0.0681  0.0118  0.0737  1
10:   0.0030  0.0234  0.1149  0.8587  1
11:   0.0010  0.9950  0.0019  0.0021  1
12:   0.0249  0.0264  0.0751  0.8736  1
13:   0.8986  0.0031  0.0019  0.0964  1
14:   0.0037  0.0035  0.9908  0.0020  1
15:   0.0041  0.0162  0.0019  0.9778  1
16:   0.0020  0.9911  0.0048  0.0021  1
17:   0.0029  0.0034  0.0010  0.9927  1
18:   0.0094  0.0335  0.0209  0.9362  1
19:   0.9353  0.0376  0.0055  0.0216  1
20:   0.8989  0.0039  0.0163  0.0809  1
21:   0.9876  0.0083  0.0020  0.0021  1
22:   0.0028  0.0754  0.9198  0.0020  1
23:   0.0094  0.0079  0.9754  0.0073  1
24:   0.0812  0.0130  0.8912  0.0146  1
25:   0.0598  0.0764  0.0073  0.8565  1
26:   0.0038  0.0055  0.0012  0.9895  1
27:   0.0150  0.9664  0.0055  0.0131  1
28:   0.0075  0.0632  0.9260  0.0033  1
29:   0.0035  0.0126  0.0490  0.9349  1
30:   0.0038  0.9909  0.0043  0.0010  1
31:   0.0093  0.0039  0.0101  0.9767  1
32:   0.8524  0.0296  0.1001  0.0179  1
33:   0.9806  0.0053  0.0121  0.0020  1
34:   0.0086  0.0822  0.0111  0.8981  1
35:   0.1079  0.8822  0.0058  0.0041  1
36:   0.0070  0.9751  0.0146  0.0033  1
37:   0.0010  0.0021  0.9935  0.0034  1
38:   0.1362  0.0010  0.0032  0.8596  1
39:   0.0317  0.9619  0.0037  0.0027  1
40:   0.0245  0.0081  0.0723  0.8951  1
41:   0.0101  0.8860  0.0088  0.0951  1
42:   0.9892  0.0015  0.0052  0.0041  1
43:   0.8595  0.0882  0.0500  0.0023  1
44:   0.8483  0.0077  0.0050  0.1390  1
45:   0.8918  0.0093  0.0852  0.0137  1
46:   0.0600  0.0273  0.8961  0.0166  1
47:   0.0885  0.0020  0.0138  0.8957  1
48:   0.9145  0.0051  0.0051  0.0753  1
49:   0.0074  0.0798  0.0184  0.8944  1
50:   0.0016  0.0010  0.9825  0.0149  1
51:   0.0154  0.0221  0.0711  0.8914  1
52:   0.0117  0.0075  0.9778  0.0030  1
53:   0.0177  0.0223  0.9561  0.0039  1
54:   0.1022  0.0578  0.0057  0.8343  1
55:   0.9526  0.0096  0.0317  0.0061  1
56:   0.1403  0.0010  0.8560  0.0027  1
57:   0.0010  0.9965  0.0009  0.0016  1
58:   0.0031  0.0499  0.9437  0.0033  1
59:   0.0069  0.0025  0.9883  0.0023  1
60:   0.9112  0.0847  0.0024  0.0017  1
61:   0.0020  0.0020  0.0086  0.9874  1
62:   0.0010  0.0013  0.0013  0.9964  1
63:   0.0078  0.9638  0.0054  0.0230  1
64:   0.8918  0.0039  0.0888  0.0155  1
65:   0.0389  0.0055  0.9413  0.0143  1
66:   0.0499  0.0034  0.9413  0.0054  1
67:   0.8481  0.0174  0.0144  0.1201  1
68:   0.0135  0.0703  0.0125  0.9037  1
69:   0.0226  0.9728  0.0021  0.0025  1
70:   0.0035  0.0447  0.9263  0.0255  1
71:   0.0012  0.9899  0.0010  0.0079  1
72:   0.0397  0.1012  0.0087  0.8504  1
73:   0.0037  0.9737  0.0200  0.0026  1
74:   0.1488  0.0246  0.0107  0.8159  1
75:   0.0050  0.9811  0.0041  0.0098  1
76:   0.9684  0.0063  0.0026  0.0227  1
77:   0.0219  0.0288  0.0946  0.8547  1
78:   0.9661  0.0022  0.0065  0.0252  1
79:   0.0037  0.0016  0.9906  0.0041  1
80:   0.0151  0.0158  0.0538  0.9153  1
81:   0.0136  0.0033  0.0796  0.9035  1
82:   0.9395  0.0011  0.0350  0.0244  1
83:   0.9422  0.0276  0.0235  0.0067  1
